<tab:descriptive_statistics>
            1971.000	              92.000	              86.892	               7.868	               0.866	               0.057	               0.077	               0.490	               1.496	               0.000	               1.662	               1.849
            1972.000	              89.000	              98.623	               7.979	               0.892	               0.042	               0.066	               0.391	               1.510	               0.014	               1.619	               1.875
            1973.000	              86.000	              92.785	               7.535	               0.932	               0.040	               0.028	               0.364	               1.529	               0.022	               1.589	               1.818
            1974.000	              72.000	             105.119	               7.506	               0.887	               0.050	               0.064	               0.347	               1.510	               0.026	               1.567	               1.452
            1975.000	              93.000	              84.775	               7.821	               0.853	               0.083	               0.064	               0.337	               1.479	               0.054	               1.584	               1.503
            1976.000	              99.000	              93.382	               7.787	               0.876	               0.081	               0.043	               0.338	               1.508	               0.059	               1.759	               1.696
            1977.000	              95.000	              97.727	               7.651	               0.837	               0.112	               0.051	               0.340	               1.467	               0.032	               1.947	               1.835
            1978.000	              95.000	              99.444	               7.645	               0.855	               0.107	               0.039	               0.346	               1.405	               0.034	               1.982	               1.929
            1979.000	             102.000	              82.742	               7.599	               0.803	               0.158	               0.038	               0.348	               1.343	               0.047	               2.061	               1.657
            1980.000	             103.000	              71.567	               7.718	               0.773	               0.191	               0.036	               0.350	               1.296	               0.078	               2.215	               1.466
            1981.000	             116.000	              62.030	               8.349	               0.741	               0.213	               0.046	               0.349	               1.286	               0.094	               2.363	               1.559
            1982.000	             110.000	              61.893	               8.831	               0.714	               0.235	               0.051	               0.347	               1.277	               0.134	               2.440	               1.817
            1983.000	             115.000	              67.878	               8.821	               0.734	               0.215	               0.051	               0.351	               1.276	               0.126	               2.601	               2.087
            1984.000	             113.000	              85.933	               8.870	               0.783	               0.179	               0.038	               0.361	               1.293	               0.129	               2.469	               2.117
            1985.000	             136.000	              78.143	               8.938	               0.761	               0.191	               0.048	               0.372	               1.265	               0.140	               2.261	               2.024
            1986.000	             130.000	              83.756	               9.382	               0.733	               0.216	               0.050	               0.379	               1.249	               0.176	               2.416	               2.856
            1987.000	             143.000	              67.667	               9.965	               0.702	               0.245	               0.052	               0.395	               1.246	               0.229	               2.327	               2.789
            1988.000	             150.000	              67.078	              10.069	               0.717	               0.237	               0.045	               0.396	               1.251	               0.237	               2.334	               2.919
            1989.000	             147.000	              62.914	              10.321	               0.690	               0.261	               0.049	               0.406	               1.259	               0.289	               2.310	               2.806
            1990.000	             131.000	              66.377	              10.337	               0.682	               0.276	               0.043	               0.419	               1.270	               0.308	               2.270	               2.852
All	2217.000	 78.804	  8.604	  0.790	  0.161	  0.049	  0.372	  1.357	  0.116	  2.099	  2.086	
<tab:demand_percentiles>
               3.393	               6.714	               8.729	              13.074	              68.597
               0.049	              15.603	              47.350	             109.002	             646.526
               0.170	               0.337	               0.375	               0.428	               0.948
               0.756	               1.131	               1.270	               1.453	               1.888
               8.461	              15.570	              20.104	              24.828	              64.368
               9.130	              17.000	              20.000	              25.000	              53.000
<tab:ols_logit>
             -10.069	              -9.274	               1.882
               0.253	               0.493	               0.119
              -0.121	               1.965	               0.520
               0.277	               0.909	               0.035
              -0.035	               1.289	               0.680
               0.073	               0.248	               0.019
               0.263	               0.052	                   .
               0.043	               0.086	                   .
                   .	                   .	              -0.471
                   .	                   .	               0.049
               2.341	               2.355	               0.125
               0.125	               0.247	               0.063
                   .	                   .	               0.013
                   .	                   .	               0.002
              -0.089	              -0.216	                   .
               0.004	               0.023	                   .
            1494.000	              22.000	                   .
(1429-1617)	(6-294)	.
               0.387	                   .	               0.656
<Tab:blp_params>
-7.728	1.722
4.620	1.682
-1.226	2.059
0.293	0.233
3.992	0.527
2.522	3.779
3.525	4.236
4.166	2.106
0.393	0.419
1.937	0.889
42.870	8.280
2.751	0.125
0.812	0.089
0.430	0.079
-0.610	0.073
-0.352	0.164
0.027	0.002
<Tab:demand_elasticities>
0.366	0.000	3.645	1.075	5.049
0.682	-0.000	0.516	1.717	4.033
0.391	0.000	3.645	1.092	5.661
0.623	-0.000	0.447	1.476	4.009
0.401	0.000	4.022	1.116	5.663
0.624	-0.000	0.528	1.453	3.872
0.385	0.000	3.142	1.179	5.797
0.609	-0.000	0.315	1.681	3.933
0.457	0.000	3.016	1.255	9.292
0.325	-0.000	0.152	0.715	3.310
0.304	0.000	2.262	1.334	9.671
0.159	-0.000	0.075	0.787	3.150
0.387	1.000	2.890	1.312	10.138
0.368	0.624	0.155	0.842	6.128
0.518	1.000	2.513	1.300	13.695
0.232	0.238	0.075	0.283	4.972
0.510	1.000	2.388	1.292	18.944
0.117	0.103	0.032	0.139	3.668
0.373	1.000	2.136	1.720	21.412
0.022	0.020	0.016	0.151	3.185
0.517	1.000	2.011	1.374	24.353
0.061	0.034	0.013	0.116	2.981
0.665	1.000	2.262	1.410	27.544
0.063	0.020	0.012	0.094	3.039
0.542	1.000	1.885	1.403	37.490
0.056	-0.006	0.021	0.153	2.872
<Tab:markups_profits>
5049	1269	29158
5661	1442	71371
5663	1717	495787
5797	2082	614302
9292	2889	1205400
9671	3427	1073448
10138	2966	332782
13695	2812	281343
18944	5239	281156
21412	7582	1127369
24353	10294	342044
27544	9184	377478
37490	13368	139829
